0.12 0.90 0.13 0.00 0.98 0.59 0.28 0.74 0.01 0.69 0.11 0.10 0.70 0.39 0.93 0.09 0.75 0.12 0.38 0.45 0.45 0.27 1.00 0.85 0.33 0.71 0.00 0.78 0.03 0.25 0.12 0.80 0.22 0.18 0.09 0.95 0.14 0.09 0.90 0.94 0.72 0.04 0.00 0.58 0.12 0.00 0.05 0.44 0.01 0.50 0.36 0.81 0.00 0.00 0.65 0.98 0.70 0.00 0.84 0.15 0.78 0.86 0.00 0.80 0.70 0.00 0.51 0.70 0.47 0.50 0.53 0.79 0.03 0.77 0.51 0.00 0.84 0.12 0.58 0.89 0.56 0.79 0.00 0.78 0.77 0.34 0.57 0.73 0.17 0.86 0.60 0.21 0.50 0.75 0.73 0.09 0.00 0.15 0.66 0.01 
0.00 0.96 0.39 0.30 0.44 0.27 0.26 0.29 0.57 0.00 0.00 0.00 0.22 0.00 0.86 0.45 0.00 0.45 0.21 0.17 0.56 0.41 0.87 0.10 0.48 0.26 0.00 0.61 0.21 0.94 0.00 0.57 0.00 0.55 0.70 0.84 0.10 0.00 0.06 0.56 0.32 0.42 0.96 0.78 0.52 0.10 0.53 0.20 0.49 0.12 0.18 0.80 0.37 0.58 0.90 0.38 0.62 0.18 0.00 0.00 0.00 0.54 0.48 0.73 0.00 0.55 0.03 0.00 0.00 0.22 0.08 0.46 0.66 0.61 0.30 0.53 0.00 0.00 0.27 0.63 0.05 0.24 0.36 0.00 0.26 0.00 0.47 0.47 0.25 0.00 0.83 0.74 0.21 0.07 0.00 0.44 0.00 0.96 0.00 0.34 
0.29 0.51 0.53 0.94 0.00 0.69 0.46 0.37 0.23 0.13 0.79 0.84 0.93 0.84 0.29 0.00 0.48 0.15 0.00 0.00 0.01 0.31 0.30 0.52 0.00 0.56 0.82 0.22 0.85 0.15 0.27 0.52 0.82 0.95 0.76 0.11 0.02 0.39 0.23 0.85 0.00 0.30 0.85 0.31 0.00 0.21 0.12 0.61 0.72 0.38 0.00 0.89 0.82 0.22 0.00 0.29 0.00 0.19 0.56 0.21 0.05 0.00 0.89 0.21 0.47 0.00 0.56 0.77 0.04 0.48 0.34 0.06 0.65 0.00 0.33 0.48 0.00 0.21 0.00 0.19 0.81 0.00 0.71 0.00 0.24 0.47 0.00 0.44 0.00 0.73 0.40 0.97 0.66 0.03 0.20 0.03 0.01 1.00 0.00 0.37 
0.65 0.02 0.00 0.25 0.00 0.22 0.09 0.91 0.68 0.08 0.00 0.14 0.00 0.17 0.37 0.46 0.95 0.58 0.29 0.27 0.78 0.82 0.83 0.19 0.57 0.74 0.00 1.00 0.00 0.61 0.00 0.65 0.00 0.39 0.91 0.50 0.25 0.07 0.64 0.58 0.73 0.00 0.62 0.24 0.30 0.72 0.00 0.00 0.58 0.63 0.00 0.68 0.11 0.00 0.69 0.17 0.00 0.94 0.36 0.96 0.26 0.00 0.44 0.51 0.49 0.50 0.76 0.61 0.77 0.81 0.21 0.56 0.13 0.49 0.33 0.92 0.94 0.78 0.80 0.88 0.27 0.68 0.66 0.55 0.61 0.68 0.07 0.22 0.97 0.63 0.40 0.00 0.40 0.16 0.90 0.00 0.00 0.77 0.00 0.57 
0.00 0.56 0.28 0.59 0.00 0.21 0.49 0.84 0.50 0.00 0.24 0.00 0.00 0.44 0.00 0.70 0.80 0.15 0.46 0.56 0.16 0.94 0.42 0.55 0.13 0.42 0.89 0.07 0.33 0.11 0.48 0.37 0.69 0.98 0.17 0.00 0.07 0.45 0.65 0.37 0.67 0.69 0.95 0.32 0.68 0.02 0.58 0.00 0.13 0.34 0.76 0.86 0.00 0.41 0.65 0.36 0.96 0.07 0.56 0.00 0.00 0.00 0.81 0.21 0.82 0.84 0.00 0.00 0.41 0.09 0.78 0.00 0.00 0.57 0.00 0.00 0.00 0.90 0.57 0.53 0.94 0.73 0.29 0.96 0.98 0.00 0.00 0.11 0.28 0.60 0.38 0.00 0.50 0.30 0.40 0.67 0.36 0.48 0.73 0.29 
0.29 0.03 0.23 0.00 0.94 0.71 0.72 0.37 0.09 0.37 0.31 0.54 0.17 0.47 0.81 0.00 0.00 0.65 0.33 0.04 0.90 0.67 0.74 0.13 0.89 0.69 0.76 0.74 0.15 0.00 0.20 0.25 0.98 0.65 0.56 0.03 0.00 0.56 0.86 0.00 0.07 0.48 0.08 0.02 0.70 0.25 0.08 0.06 0.61 0.91 0.62 0.31 0.78 0.86 0.80 0.00 0.65 0.00 0.85 0.26 0.79 0.80 0.71 0.88 0.00 0.46 0.95 0.64 0.94 0.03 0.69 0.73 0.48 0.77 0.95 0.00 0.63 0.62 0.45 0.00 0.94 0.00 0.52 0.34 0.56 0.65 0.45 0.94 0.03 0.99 0.05 0.40 0.88 0.69 0.41 0.00 0.00 0.70 0.24 0.25 
0.57 0.15 0.07 0.19 0.00 0.00 0.18 0.00 0.84 0.18 0.07 0.00 0.93 1.00 0.08 0.61 0.06 0.00 0.22 0.09 0.81 0.28 0.15 0.00 0.28 0.00 0.68 0.00 0.00 0.55 0.99 0.38 0.72 0.26 0.00 0.84 0.45 0.65 0.90 0.59 0.57 0.41 0.00 0.00 0.04 0.93 0.40 0.92 0.06 0.00 0.31 0.59 0.17 0.89 0.40 0.00 0.00 0.67 0.00 0.79 0.49 0.00 0.92 0.93 0.88 0.01 0.00 0.59 0.81 0.90 0.02 0.78 0.00 0.45 0.00 0.38 0.45 0.00 0.46 0.85 0.60 0.00 0.57 0.24 0.31 0.03 0.94 0.57 0.82 0.34 0.00 0.00 0.09 0.72 0.00 0.08 0.61 0.94 0.14 0.07 
0.79 0.92 0.91 0.30 0.36 0.00 0.00 0.72 0.00 0.89 0.00 0.45 0.29 0.55 0.00 0.15 0.00 0.63 0.33 0.00 0.00 0.34 0.58 0.75 0.09 0.77 0.00 0.27 0.93 0.25 0.97 0.65 0.86 0.97 0.00 0.62 0.96 0.71 0.71 0.00 0.96 0.23 0.33 0.22 0.11 0.60 0.53 0.26 0.50 0.35 0.16 0.25 0.64 0.00 0.44 0.84 0.00 0.22 0.00 0.13 0.07 0.59 0.66 0.10 0.89 0.87 0.00 0.78 0.36 0.33 0.55 0.39 0.25 0.35 0.45 0.10 0.00 0.00 0.17 0.14 0.00 0.00 0.00 0.00 0.76 0.74 0.86 0.26 0.68 0.58 0.59 0.00 0.01 0.00 0.05 0.46 0.00 0.79 0.30 0.41 
0.01 0.46 0.75 0.00 0.25 0.00 0.30 0.59 0.00 0.46 0.00 0.99 0.08 0.77 0.96 0.63 0.00 0.86 0.91 0.32 0.98 0.64 0.06 0.79 0.34 0.00 0.79 0.00 0.81 0.80 0.78 0.48 0.50 0.18 0.73 0.50 0.01 0.08 0.94 0.00 0.73 0.93 0.63 0.90 0.59 0.06 0.44 0.54 0.74 0.00 0.73 0.18 0.83 0.00 0.00 0.25 0.78 0.00 0.63 0.10 0.00 0.89 0.53 0.00 0.72 0.44 0.06 0.91 0.63 0.73 0.00 0.00 0.13 0.44 0.03 0.41 0.12 0.44 0.57 0.30 0.05 0.04 0.99 0.77 0.65 1.00 0.15 0.31 0.15 0.86 0.52 0.46 0.00 0.00 0.69 0.05 0.00 0.68 0.63 0.71 
0.62 0.73 0.66 0.00 0.57 0.57 0.00 0.00 0.01 0.00 0.96 0.57 0.64 0.32 0.00 0.11 0.00 0.59 0.61 0.00 0.52 0.26 0.00 0.05 0.79 0.44 0.06 0.81 0.00 0.44 0.00 0.39 0.00 0.00 0.56 0.77 0.95 0.90 0.00 0.45 0.33 0.00 0.54 0.75 0.37 0.08 0.10 0.91 0.14 0.12 0.54 0.00 0.00 0.75 0.49 0.27 0.22 0.92 0.32 0.66 0.00 0.60 0.62 0.45 0.86 0.44 0.84 0.84 0.17 0.62 0.82 0.54 0.00 0.04 0.70 0.00 0.00 0.59 0.06 0.23 0.33 0.72 0.84 0.70 0.07 0.62 0.36 0.67 0.15 0.36 0.00 0.06 0.30 0.30 0.26 0.00 0.96 0.00 0.00 0.62 
0.42 0.11 0.05 0.16 0.11 0.05 0.43 0.57 0.43 0.11 0.77 0.84 0.67 0.84 0.00 0.87 0.20 0.13 0.00 0.00 0.31 0.63 0.70 0.32 0.00 0.92 0.98 0.00 0.00 0.97 0.00 0.59 0.92 0.90 0.08 0.00 0.96 0.92 0.79 0.41 0.91 0.39 0.92 0.00 0.87 0.14 0.76 0.10 0.18 0.98 0.63 0.39 0.00 0.23 0.28 0.40 0.93 0.00 0.00 0.08 0.00 0.07 0.02 0.00 0.98 0.37 0.92 0.05 0.83 0.14 0.50 0.91 0.85 0.85 1.00 0.16 0.80 0.66 0.35 0.00 0.72 0.90 0.00 0.85 0.50 0.18 0.77 0.00 0.44 0.95 0.85 0.97 0.98 0.69 0.49 0.95 0.66 0.46 0.87 0.14 
0.00 0.72 0.44 0.72 0.89 0.56 0.74 0.30 0.56 0.79 0.72 0.48 0.00 0.00 0.72 0.68 0.29 0.91 0.29 0.46 0.76 0.32 0.21 0.25 0.46 0.00 0.22 0.73 0.31 0.00 0.13 0.38 0.11 0.11 0.99 0.10 0.74 0.25 0.27 0.16 0.00 0.14 0.90 0.18 0.52 0.37 0.00 0.00 0.53 0.00 0.00 0.00 0.68 0.00 0.31 0.85 0.26 0.27 0.00 0.00 0.03 0.17 0.04 0.67 0.00 0.08 0.18 0.19 0.00 0.00 0.00 0.70 0.00 0.00 0.02 0.43 0.34 0.01 0.32 0.83 0.67 0.00 0.67 0.89 0.00 0.98 0.00 0.00 0.52 0.65 0.45 0.59 0.00 0.00 0.27 0.00 0.40 0.42 0.27 0.00 
0.17 0.96 0.85 0.40 0.70 0.00 0.91 0.81 0.43 0.00 0.00 0.42 0.00 0.00 0.00 0.65 0.14 0.12 0.00 0.00 0.50 0.98 0.00 0.09 0.14 0.50 0.11 0.08 0.60 0.27 0.51 0.13 0.79 0.58 0.85 0.00 0.09 0.65 0.32 0.93 0.79 0.50 0.00 0.00 0.80 0.15 0.81 0.00 0.00 0.97 0.12 0.71 0.33 0.20 0.04 0.62 0.25 0.04 0.00 0.31 0.03 0.52 0.57 0.96 0.18 0.00 0.26 0.22 0.67 0.12 0.12 0.21 0.55 0.99 0.21 0.81 0.79 0.26 0.04 0.72 0.88 0.91 0.28 0.71 0.00 0.33 0.97 0.49 0.11 0.99 0.48 0.00 0.50 0.11 0.34 0.00 0.50 0.71 0.22 0.85 
0.47 0.05 0.71 0.72 0.66 0.99 0.34 0.16 0.00 0.00 0.20 0.16 0.78 0.92 0.54 0.96 0.07 0.30 0.00 0.67 0.20 0.68 0.53 0.00 0.97 0.61 0.90 0.00 0.81 0.27 0.46 0.55 0.20 0.68 0.87 0.95 0.30 0.82 0.45 0.02 0.34 0.10 0.00 0.27 0.61 0.25 0.28 0.00 0.00 0.13 0.63 0.43 0.00 0.00 0.00 0.85 0.13 0.39 0.73 0.67 0.05 0.97 0.85 0.58 0.00 0.81 0.20 0.58 0.81 0.80 0.89 0.62 0.57 0.46 0.27 0.79 0.63 0.41 0.00 0.76 0.80 0.64 0.91 0.00 0.86 0.58 0.02 0.00 0.83 0.93 0.72 1.00 0.90 0.26 0.26 0.38 0.64 0.05 0.83 0.46 
0.51 0.23 0.10 0.00 0.17 0.85 0.35 0.04 0.39 0.63 0.16 0.23 0.85 0.37 0.29 0.00 0.78 0.42 0.00 0.11 0.00 0.31 0.96 0.86 0.17 0.05 0.61 0.04 0.09 0.10 0.40 0.00 0.74 0.21 0.52 0.58 0.16 0.62 0.92 0.04 0.28 0.22 0.01 0.00 0.02 0.43 0.05 0.14 0.32 0.42 0.00 0.46 0.00 0.32 0.04 0.34 0.17 0.19 0.63 0.95 0.91 0.85 0.14 0.90 0.00 0.34 0.07 0.28 0.66 0.39 0.99 0.74 0.25 0.26 0.55 0.65 0.38 0.10 0.14 0.55 0.67 0.98 0.22 0.83 0.20 0.00 0.77 0.28 0.24 0.40 0.20 0.19 0.12 0.54 0.41 0.00 0.25 0.89 0.78 0.28 
0.40 0.19 0.00 0.87 0.35 0.00 0.00 0.57 0.00 0.68 0.00 0.30 0.13 0.09 0.88 0.00 0.20 0.41 0.21 0.25 0.07 0.84 0.54 0.22 0.00 0.14 0.67 0.13 0.80 0.48 0.19 0.89 0.79 0.99 0.88 0.00 0.24 0.00 0.00 0.09 0.98 0.11 0.56 0.58 0.67 0.88 0.06 0.67 0.00 0.00 0.17 1.00 0.12 0.00 0.40 0.00 0.00 0.55 0.12 0.63 0.80 0.00 0.38 0.15 0.31 0.30 0.40 0.00 0.13 0.00 0.55 0.58 0.15 0.05 0.00 0.71 0.99 0.00 0.28 0.00 0.74 0.53 0.96 0.33 0.00 0.92 0.53 0.96 0.85 0.37 0.55 0.00 0.14 0.32 0.14 0.98 0.00 0.66 0.99 0.24 
0.00 0.52 0.97 0.20 0.90 0.00 0.00 0.75 0.02 0.98 0.00 0.46 0.00 0.20 0.73 0.20 0.34 0.00 1.00 0.00 0.30 0.18 0.89 0.70 0.62 0.72 0.82 0.00 0.38 0.43 0.59 0.77 0.35 0.26 0.12 0.00 0.53 0.51 0.26 0.48 0.00 0.32 0.57 0.83 0.12 0.00 0.00 0.11 0.38 0.24 0.32 0.21 0.38 0.00 0.09 0.94 0.00 0.65 0.00 0.43 0.57 0.85 0.91 0.00 0.48 0.00 0.97 0.02 0.68 0.56 0.00 0.00 0.00 0.58 0.64 0.95 0.22 0.43 0.93 0.71 0.52 0.51 0.00 0.00 0.47 0.00 0.58 0.69 0.37 0.43 0.29 0.00 0.00 0.00 0.70 0.95 0.18 0.07 0.77 0.99 
0.97 0.33 0.58 0.00 0.00 0.42 0.89 0.00 0.74 0.82 0.74 0.35 0.34 0.00 0.76 0.31 0.89 0.02 0.04 0.00 0.00 0.09 0.03 0.10 0.39 0.98 0.13 0.35 0.00 0.00 0.96 0.06 0.00 0.00 0.88 0.04 0.63 0.41 0.28 0.00 0.16 0.30 0.58 0.71 0.10 0.00 0.24 0.73 0.52 0.85 0.68 0.16 0.06 1.00 0.00 0.00 0.51 0.03 0.00 0.34 0.88 0.00 0.61 0.97 0.66 0.78 0.00 0.96 0.04 0.02 0.37 0.63 0.50 0.86 0.76 0.54 0.91 0.01 0.17 0.06 0.04 0.32 0.08 0.34 0.00 0.88 0.00 0.99 0.88 0.34 0.74 0.00 0.98 0.42 0.00 0.81 0.57 0.97 0.38 0.20 
0.00 0.00 0.22 0.71 0.00 0.05 0.15 0.64 0.23 0.00 0.11 0.23 0.35 0.88 0.11 0.40 0.66 0.74 0.22 0.46 0.17 0.00 0.07 0.02 0.00 0.62 0.00 0.86 0.91 0.66 0.35 0.95 0.26 0.12 0.72 0.00 0.00 0.79 0.99 0.00 0.30 0.41 0.00 0.70 0.14 0.44 0.10 0.27 0.00 0.46 0.60 0.32 0.76 0.62 0.80 0.45 0.00 0.00 0.00 0.00 0.38 0.11 0.54 0.57 0.11 0.17 0.68 0.68 0.34 0.03 0.08 0.00 0.03 0.00 0.30 0.60 0.69 0.25 0.63 0.53 0.77 0.00 0.12 0.71 0.50 0.00 0.77 0.00 0.06 0.70 0.95 0.06 0.00 0.00 0.15 0.97 0.58 0.00 0.00 0.50 
0.55 0.20 0.01 0.57 0.54 0.80 0.98 0.09 0.02 0.00 0.85 0.46 0.29 0.75 0.32 0.59 0.00 0.43 0.00 0.92 0.81 0.04 0.43 0.06 0.52 0.99 0.67 0.66 0.24 0.12 0.00 0.36 0.36 0.95 0.66 0.03 0.28 0.66 0.96 0.98 0.81 0.26 0.03 0.00 0.49 0.77 0.80 0.23 0.62 0.29 0.14 0.94 0.04 0.39 0.00 0.81 0.70 0.88 0.00 0.00 0.00 0.52 0.00 0.65 0.13 0.00 0.32 0.00 0.24 0.22 0.76 0.00 0.38 0.62 0.00 0.66 0.00 0.86 0.38 0.28 0.89 0.00 0.00 0.49 0.44 0.24 0.48 0.13 0.44 0.99 0.00 0.55 0.75 0.13 0.30 0.86 0.42 0.54 0.93 0.62 
0.32 0.26 0.00 0.00 0.04 0.69 0.65 0.88 0.54 0.00 0.60 0.18 0.38 0.94 0.86 0.13 0.00 0.72 0.00 0.93 0.54 0.00 0.00 0.78 0.23 0.56 0.64 0.27 0.14 0.76 0.00 0.75 0.54 0.19 0.88 0.08 0.54 0.00 0.13 0.69 0.34 0.04 0.44 0.65 0.31 0.54 0.00 0.68 0.20 0.00 0.33 0.93 0.67 0.96 0.52 0.83 0.29 0.00 0.70 0.22 0.34 0.00 0.84 0.13 0.01 0.00 0.00 0.42 0.43 0.44 0.03 0.24 0.11 0.72 0.06 0.57 0.00 0.18 0.90 0.16 0.83 0.24 0.00 0.00 0.00 0.04 0.82 0.82 0.59 0.59 0.17 0.21 0.00 0.94 0.10 0.21 0.44 0.05 0.91 0.46 
0.05 0.25 0.36 0.18 0.00 0.84 0.55 0.95 0.92 0.95 0.46 0.54 0.36 0.03 0.15 0.12 0.98 0.95 0.41 0.38 0.56 0.00 0.65 0.00 0.32 0.00 0.20 0.00 0.16 0.30 0.75 0.00 0.22 0.93 0.08 0.70 0.41 0.88 0.56 0.90 0.58 0.40 0.09 0.00 0.00 0.96 0.00 0.99 0.45 0.11 0.98 0.43 0.79 0.19 0.73 0.00 0.51 0.09 0.11 0.84 0.85 0.03 0.00 0.32 0.67 0.95 0.07 0.86 0.00 0.73 0.81 0.87 0.35 0.16 0.05 0.01 0.93 0.78 0.85 0.11 0.00 0.50 0.36 0.00 0.04 0.00 0.20 0.72 0.89 0.00 0.00 0.00 0.00 0.95 0.03 0.65 0.71 0.45 0.19 0.00 
0.87 0.24 0.17 0.14 0.00 0.00 0.00 0.00 0.54 0.09 0.91 0.31 0.64 0.79 0.92 0.46 0.63 0.47 0.00 0.26 0.58 0.70 0.72 0.50 0.77 0.36 0.51 0.91 0.45 0.95 0.67 0.00 0.79 0.57 0.95 0.08 0.00 0.00 0.32 0.50 0.00 0.06 0.00 0.54 0.38 0.00 0.99 0.25 0.29 0.00 0.26 0.51 0.17 0.11 0.55 0.67 0.00 0.16 0.99 1.00 0.00 0.10 0.00 0.00 0.35 0.00 0.77 0.99 0.73 0.02 0.17 0.54 0.58 0.00 0.00 0.51 0.78 0.02 0.85 0.47 0.00 0.17 0.47 0.15 0.14 0.32 0.00 0.00 0.75 0.16 0.72 0.98 0.12 0.37 0.86 0.51 0.27 0.80 0.56 0.00 
0.12 0.90 0.95 0.51 1.00 0.00 0.65 0.00 0.24 0.00 0.32 0.12 0.00 0.03 0.22 0.73 0.50 0.01 0.78 0.42 0.48 0.00 0.00 0.59 0.30 0.86 0.00 0.23 0.57 0.95 0.83 0.73 0.15 0.07 0.97 0.64 0.21 0.00 0.00 0.89 0.29 0.14 0.01 0.45 0.15 0.51 0.00 0.04 0.00 0.74 0.20 0.88 0.31 0.95 0.14 0.00 0.88 0.90 0.00 0.09 0.52 0.97 0.84 0.93 0.63 0.00 0.41 0.23 0.23 0.00 0.00 0.08 0.25 0.29 0.24 0.22 0.13 0.62 0.62 0.88 0.39 0.08 0.08 0.59 0.06 0.07 0.84 0.69 0.59 0.00 0.89 0.37 0.07 0.00 0.04 0.30 0.33 0.73 0.00 0.00 
0.37 0.00 0.00 0.00 0.05 0.11 0.91 0.37 0.25 0.00 0.05 0.77 0.76 0.18 0.34 0.66 0.36 0.33 0.06 0.48 0.00 0.64 0.75 0.13 0.12 0.84 0.74 0.33 0.41 0.96 0.49 0.00 0.92 0.67 0.96 0.22 0.00 0.39 0.80 0.00 0.04 0.26 0.30 0.86 0.22 0.00 0.40 0.57 0.29 0.27 0.03 0.56 0.90 0.51 0.05 0.63 0.31 0.00 0.33 0.00 0.54 0.00 0.81 0.70 0.94 0.00 0.90 0.65 0.58 0.00 0.69 0.00 0.00 0.63 0.15 0.32 0.59 0.58 0.00 0.51 0.48 0.87 0.98 0.65 0.73 0.11 0.53 0.00 0.96 0.93 0.14 0.12 0.65 0.69 0.90 0.26 0.70 0.71 0.77 0.44 
0.53 0.18 0.47 0.00 0.43 0.52 0.74 0.00 0.07 0.25 0.66 0.61 0.97 0.88 0.00 0.23 0.63 0.00 0.42 0.14 0.57 0.82 0.74 0.42 0.76 0.01 0.37 0.75 0.89 0.00 0.23 0.96 0.00 0.56 0.23 0.69 0.00 0.89 0.95 0.32 0.00 0.13 0.00 0.73 0.35 0.74 0.25 0.20 0.00 0.98 0.89 0.02 0.46 0.00 0.39 0.26 0.34 0.74 0.49 0.32 0.27 0.04 0.04 0.23 0.32 0.69 0.64 0.25 0.32 0.83 0.15 0.81 0.82 0.00 0.35 0.39 0.65 0.33 0.00 0.06 0.16 0.66 0.14 0.59 0.45 0.11 0.90 0.29 0.58 0.96 0.40 0.25 0.57 0.73 0.15 0.00 0.19 0.00 0.42 0.64 
0.00 0.00 0.00 0.79 0.58 0.79 0.00 0.95 0.69 0.00 0.97 0.27 0.29 0.30 0.99 0.66 0.82 0.11 0.35 0.13 0.38 0.25 0.00 0.17 0.40 0.00 0.87 0.14 0.60 0.79 0.80 0.08 0.53 0.00 0.00 0.65 0.00 0.51 0.00 0.69 0.40 0.94 0.43 0.17 0.89 0.83 0.00 0.00 0.97 0.00 0.89 0.18 0.73 0.00 0.24 0.25 0.89 0.41 0.30 0.75 0.59 0.13 0.27 0.00 0.53 0.73 0.19 0.00 0.29 0.24 0.02 0.28 0.12 0.72 0.90 0.27 0.88 0.36 0.10 0.83 0.81 0.96 0.00 0.31 0.59 0.01 0.26 0.68 0.26 0.19 0.86 0.84 0.86 0.87 0.07 0.10 0.00 0.32 0.00 0.44 
0.69 0.86 0.59 0.27 0.62 0.95 0.48 0.00 0.26 0.55 0.60 0.10 0.57 0.83 0.52 0.15 0.00 0.44 0.00 0.00 0.30 0.65 0.32 0.58 0.76 0.61 0.41 0.21 0.71 0.08 0.49 0.00 0.90 0.32 0.85 0.02 0.05 0.64 0.14 0.09 0.26 0.35 0.40 0.00 0.00 0.61 0.92 0.36 0.00 0.38 0.00 0.00 0.74 0.51 0.00 0.47 0.94 0.39 0.20 0.18 0.19 0.00 0.00 0.00 0.58 0.38 0.63 0.00 0.95 0.74 0.60 0.00 0.11 0.68 0.07 0.51 0.31 0.00 0.79 0.42 0.90 0.10 0.20 0.05 0.67 0.46 0.16 0.26 0.56 0.55 0.00 0.34 0.00 1.00 0.00 0.57 0.00 0.68 0.44 0.20 
0.23 0.62 0.00 0.95 0.02 0.95 0.34 0.57 0.83 0.64 0.20 0.00 0.35 0.87 0.22 0.43 0.42 0.91 0.81 0.96 0.42 0.70 0.35 0.16 0.68 0.52 0.01 0.00 0.95 0.30 0.86 0.43 0.00 0.47 0.00 0.22 0.67 0.17 0.87 0.88 0.12 0.09 0.32 0.56 0.00 0.99 0.87 0.16 0.68 0.04 0.07 0.21 0.89 0.80 0.00 0.12 0.96 0.74 0.97 0.88 0.65 0.48 0.62 0.16 0.71 0.72 0.19 0.42 0.00 0.00 0.52 0.73 0.04 0.00 0.58 0.41 0.40 0.11 0.76 0.00 0.27 0.49 0.95 0.54 0.98 0.25 0.00 0.87 0.00 0.64 0.17 0.82 0.00 0.98 0.00 0.99 0.00 0.60 0.56 0.32 
0.50 0.00 0.52 0.77 0.95 0.55 0.29 0.09 0.88 0.11 0.27 0.00 0.87 0.09 0.74 0.10 0.21 0.95 0.01 0.00 0.29 0.48 0.00 0.98 0.00 0.02 0.38 0.40 0.41 0.10 0.43 0.00 0.47 0.83 0.14 0.03 0.00 0.00 0.00 0.76 0.22 0.63 0.91 0.56 0.11 0.74 0.39 0.62 0.02 0.89 0.46 0.83 0.00 0.38 0.51 0.00 0.00 0.46 0.63 0.00 0.47 0.13 0.93 0.20 0.00 0.34 0.54 0.32 0.57 0.92 0.05 0.86 0.07 0.00 0.35 0.61 0.70 0.50 0.51 0.93 0.30 0.63 0.74 0.96 0.00 0.65 0.45 0.18 0.81 0.58 0.26 0.73 0.02 0.60 0.79 0.88 0.25 0.24 0.32 0.04 
0.75 0.96 0.19 0.68 0.99 0.67 0.05 0.62 0.38 0.34 0.00 0.00 0.00 0.85 0.28 0.80 0.10 0.53 0.52 0.02 0.19 0.45 0.50 0.00 0.72 0.10 0.00 0.41 0.06 0.32 0.20 0.62 0.44 0.23 0.95 0.52 0.66 0.47 0.00 0.36 0.65 0.79 0.10 0.24 0.58 0.00 0.82 0.80 0.87 0.34 0.40 0.10 0.17 0.32 0.47 0.42 0.99 0.00 0.05 0.00 0.97 0.00 0.00 0.63 0.00 0.58 0.95 0.79 0.46 0.81 0.73 0.00 0.92 0.73 0.76 0.76 0.00 0.17 0.27 0.39 0.40 0.15 0.38 0.65 0.00 0.27 0.02 0.05 0.13 0.40 0.00 0.20 0.31 0.85 0.00 0.52 0.60 0.35 0.40 0.30 
0.44 0.63 0.00 0.99 0.18 0.39 0.18 0.00 0.00 0.00 0.24 0.00 0.00 0.94 0.14 0.37 0.16 0.32 0.16 0.19 0.00 0.00 0.09 0.04 0.24 0.45 0.23 0.40 0.00 0.00 0.68 0.71 0.80 0.70 0.15 0.26 0.67 0.15 0.44 0.29 0.07 0.00 0.76 0.66 0.18 0.21 0.00 0.19 0.07 0.83 0.57 0.62 0.00 0.98 0.34 0.22 0.53 0.00 0.00 0.49 0.00 0.58 0.61 0.00 0.20 0.47 0.82 0.00 0.48 0.74 0.54 0.40 0.48 0.00 0.40 0.00 0.35 0.28 0.72 0.77 0.06 0.43 0.65 0.94 0.01 0.00 0.86 0.34 0.07 0.91 0.54 0.18 0.38 0.72 0.96 0.56 0.04 0.75 0.25 0.00 
0.84 0.43 0.68 0.70 0.34 0.35 0.17 0.12 0.87 0.34 0.00 0.20 0.29 0.98 0.77 0.00 0.88 0.78 0.00 0.44 0.24 0.66 0.84 0.33 0.29 0.72 0.92 0.15 0.62 0.52 0.14 0.32 0.95 0.00 0.00 0.11 0.84 0.00 0.00 0.00 0.42 0.83 0.00 0.00 0.90 0.92 0.62 0.00 0.47 0.00 0.57 0.74 0.42 0.65 0.16 0.74 0.96 0.67 0.99 0.25 0.74 0.76 0.00 0.47 0.80 0.72 0.69 0.81 0.14 0.64 0.38 0.23 0.46 0.03 0.42 0.87 0.15 0.14 0.79 0.50 0.00 0.34 0.36 0.25 0.00 0.00 0.35 0.59 0.00 0.69 0.00 0.00 0.95 0.00 0.00 0.13 0.40 0.71 0.78 0.18 
0.04 0.38 0.18 0.19 0.88 0.88 0.07 0.33 0.25 0.56 0.00 0.00 0.83 0.33 0.17 0.74 0.81 0.30 0.38 0.35 0.36 0.94 0.04 0.68 0.43 0.48 0.43 0.51 0.00 0.00 0.32 0.10 0.49 0.88 0.57 0.55 0.93 0.19 0.28 0.03 0.60 0.35 0.55 0.39 0.89 0.55 0.00 0.57 0.63 0.00 0.00 1.00 0.00 0.29 0.37 0.00 0.05 0.05 0.37 0.86 0.86 0.03 0.00 0.62 0.23 0.00 0.04 0.42 0.88 0.39 0.05 0.10 0.75 0.70 0.00 0.00 0.55 0.66 0.00 0.00 0.00 0.06 0.83 0.13 0.00 0.92 0.00 0.70 0.24 0.02 0.00 0.00 0.74 0.35 0.09 0.97 0.63 0.00 0.00 0.02 
0.12 0.01 0.49 0.18 0.57 0.00 0.88 0.00 0.00 0.49 0.45 0.74 0.20 0.00 0.74 0.06 0.60 0.35 0.62 0.20 0.15 0.16 0.43 0.38 0.13 0.46 0.68 0.74 0.54 0.44 0.01 0.11 0.10 0.36 0.49 0.00 0.00 0.00 0.93 0.41 0.59 0.14 0.37 0.56 0.43 0.00 0.99 0.00 0.03 0.00 0.05 0.87 0.39 0.70 0.66 0.14 0.00 0.55 0.23 0.21 0.81 0.07 0.47 0.55 0.70 0.76 0.47 0.38 0.48 0.46 0.86 0.77 0.57 0.00 0.69 0.12 0.31 0.03 0.54 0.47 0.12 0.00 0.80 0.00 0.79 0.00 0.00 0.28 0.82 0.67 0.00 0.99 0.51 0.63 0.10 0.53 0.68 0.23 0.68 0.95 
0.03 0.45 0.48 0.01 0.21 0.71 0.10 0.71 0.00 0.00 0.21 1.00 0.16 0.00 0.65 0.14 0.00 0.22 0.01 0.43 0.00 0.00 0.81 0.80 0.41 0.89 0.68 0.00 0.24 0.75 0.86 0.52 0.00 0.31 0.61 0.39 0.74 0.74 0.34 0.75 0.16 0.92 0.54 0.93 0.00 0.00 0.57 0.95 0.49 0.03 0.56 0.35 0.00 0.05 0.12 0.00 0.97 0.97 0.16 0.00 0.55 0.00 0.69 0.37 0.97 0.59 0.42 0.72 0.70 0.53 0.18 0.00 0.00 0.71 0.00 0.61 0.95 0.04 0.93 0.39 0.94 0.73 0.45 0.38 0.00 0.84 0.00 0.70 0.77 0.39 0.00 0.57 0.59 0.37 0.63 0.00 0.41 0.33 0.00 0.00 
0.36 0.59 0.22 0.53 0.40 0.58 0.33 0.73 0.92 0.48 0.00 0.54 0.85 0.65 0.00 0.42 0.97 0.50 0.19 0.00 0.94 0.72 0.31 0.19 0.00 0.19 0.91 0.13 0.14 0.00 0.81 0.85 0.10 0.33 0.83 0.36 0.95 0.63 0.97 0.74 0.59 0.00 0.70 0.95 0.29 0.45 0.56 0.00 0.66 0.82 0.32 0.27 0.51 0.76 0.35 0.81 0.00 0.98 0.26 0.52 0.80 0.40 0.80 0.26 0.87 0.66 0.00 0.73 0.30 0.63 0.00 0.08 0.00 0.43 0.70 0.75 0.95 0.05 0.90 0.46 0.98 0.49 0.00 0.03 0.70 0.00 0.00 0.05 0.32 0.53 0.00 0.62 0.11 0.59 0.82 0.12 0.02 0.15 0.43 0.44 
0.67 0.64 0.44 0.55 0.00 0.67 0.73 0.00 0.86 0.54 0.85 0.34 0.45 1.00 0.54 0.00 0.74 0.70 0.61 0.63 0.28 0.36 0.00 0.22 0.45 0.00 0.00 0.14 0.56 0.37 0.48 0.37 0.00 0.98 0.28 0.83 0.00 0.43 0.27 0.62 0.72 0.00 0.23 0.44 0.67 0.00 0.59 0.86 0.00 0.68 0.00 0.61 0.72 0.10 0.17 0.30 0.57 0.00 0.56 0.77 0.22 0.15 0.76 0.00 0.00 0.00 0.00 0.00 0.05 0.00 0.00 0.24 0.00 0.84 0.00 0.42 0.56 0.24 0.00 0.70 0.48 0.69 0.84 0.06 0.90 0.56 0.15 0.00 0.36 0.21 0.50 0.84 0.15 0.00 0.92 0.94 0.99 0.57 0.45 0.33 
0.33 0.00 0.72 0.44 0.06 0.21 0.06 0.97 0.10 0.36 0.92 0.58 0.51 0.94 0.43 0.85 0.43 0.00 0.97 0.31 0.00 0.54 0.90 0.16 0.39 0.66 0.58 0.00 0.00 0.00 0.46 0.00 0.56 0.35 0.76 0.67 0.82 0.53 0.54 0.47 0.27 0.87 0.39 0.83 0.43 0.67 0.89 0.36 0.85 0.00 0.32 0.82 0.60 0.00 0.88 0.74 0.00 0.84 0.07 0.91 0.78 0.09 0.00 0.76 0.34 0.00 0.00 0.00 0.28 0.70 0.41 0.47 0.95 0.00 0.47 0.86 0.61 0.24 0.65 0.16 0.00 1.00 0.00 0.12 0.56 0.02 0.81 0.74 0.33 0.00 0.26 0.88 0.00 0.62 0.82 0.72 0.27 0.11 0.01 0.90 
0.75 0.28 0.29 0.89 0.79 0.77 0.00 0.00 0.49 0.15 0.16 0.75 0.46 0.89 0.91 0.00 0.18 0.59 0.52 0.00 0.15 0.76 0.29 0.00 0.03 0.29 0.00 0.89 0.52 0.00 0.00 0.94 0.47 0.00 0.38 0.00 0.27 0.17 0.55 0.00 0.00 0.92 0.00 0.40 0.75 0.00 0.26 0.26 0.61 0.33 0.61 0.22 0.79 0.76 0.21 0.00 0.06 0.00 0.00 0.78 0.58 0.48 0.82 0.09 0.46 0.00 0.00 0.24 0.10 0.92 0.36 0.60 0.96 0.54 0.57 0.99 0.63 0.95 0.23 0.94 0.44 0.23 0.82 0.00 0.21 0.86 0.53 0.89 0.20 0.79 0.83 0.04 0.00 0.97 0.89 0.34 0.80 0.64 0.51 0.58 
0.50 0.00 0.00 0.98 0.51 0.15 0.49 0.15 0.44 0.03 0.74 0.00 0.91 0.00 0.90 0.70 0.25 0.92 0.73 0.00 0.24 0.37 0.00 0.21 0.00 0.14 0.93 0.00 0.59 0.00 0.74 0.00 0.00 0.00 0.00 0.04 0.12 0.94 0.00 0.78 0.24 0.45 0.56 0.00 0.34 0.42 0.09 0.41 0.97 0.67 0.99 0.60 0.71 0.30 0.75 0.00 0.51 0.07 0.00 0.97 0.00 0.88 0.00 0.14 0.75 0.20 0.08 0.32 0.75 0.00 0.19 0.00 0.00 0.56 0.00 0.07 0.21 0.64 0.49 0.00 0.03 0.79 0.40 0.11 0.76 0.63 0.70 0.18 0.62 0.03 0.95 0.41 0.00 0.25 0.74 0.15 0.87 0.74 0.25 0.73 
0.30 0.00 0.02 0.67 0.00 0.50 0.00 0.70 0.03 0.00 0.45 0.00 0.19 0.58 0.42 0.49 0.00 0.73 0.25 0.98 0.43 0.45 0.00 0.61 0.04 0.00 0.64 0.00 0.00 0.00 0.77 0.00 0.47 0.39 0.68 0.35 0.51 0.82 0.00 0.92 0.00 0.87 0.11 0.04 0.96 0.31 0.50 0.83 0.46 0.32 0.64 0.58 0.22 0.49 0.49 0.23 0.97 0.56 0.45 0.53 0.84 0.05 0.21 0.46 0.76 0.71 0.65 0.65 0.49 0.10 0.12 0.78 0.30 0.57 0.60 0.61 0.58 0.82 0.01 0.26 0.33 0.36 0.77 0.54 0.22 0.91 0.72 0.18 0.03 0.05 0.00 0.00 0.00 0.88 1.00 0.00 0.66 0.87 0.00 0.00 
0.82 0.00 0.00 0.16 0.63 0.15 0.62 0.07 0.45 0.00 0.24 0.06 0.94 0.00 0.78 0.64 0.13 0.19 0.55 0.95 0.00 0.25 0.76 0.76 0.24 0.89 0.58 0.43 0.00 0.56 0.20 0.82 0.22 0.00 0.82 0.18 0.82 0.72 0.76 0.91 0.00 0.27 0.87 0.90 0.59 0.34 0.50 0.24 0.27 0.00 0.42 0.86 0.03 0.71 0.35 0.90 0.86 0.57 0.41 0.27 0.37 0.79 0.28 0.09 0.77 0.19 0.65 0.92 0.56 0.53 0.33 0.15 0.00 0.06 0.20 0.85 0.64 0.51 0.31 0.00 0.00 0.62 0.02 0.06 0.59 0.62 0.49 0.20 0.91 0.98 0.38 0.94 0.91 0.00 0.18 0.80 0.57 0.27 0.35 0.42 
0.04 0.00 0.64 0.00 0.99 0.58 0.00 0.85 0.00 0.54 0.81 0.00 0.00 0.60 0.07 0.33 0.31 0.83 0.63 0.99 0.17 0.10 0.00 0.24 0.00 0.31 0.07 0.51 0.00 0.60 0.59 0.50 0.00 0.92 0.00 0.47 0.86 0.51 0.49 0.50 0.82 0.87 0.00 0.65 0.00 0.90 0.68 0.38 0.75 0.00 0.79 0.08 0.93 0.90 0.08 0.00 0.81 0.15 0.99 0.63 0.31 0.92 0.85 0.16 0.38 0.00 0.63 0.00 0.32 0.00 0.59 0.00 0.26 0.89 0.18 0.00 0.14 0.77 0.34 0.00 0.13 0.00 0.00 0.85 0.52 0.00 0.43 0.29 0.57 0.28 0.00 0.00 0.40 0.00 0.98 0.91 0.36 0.00 0.99 0.21 
0.00 0.71 0.00 0.49 0.90 0.00 0.03 0.56 0.00 0.19 0.45 0.19 0.25 0.19 0.83 0.01 0.00 0.79 0.12 0.43 0.00 0.16 0.00 0.63 0.49 0.50 0.00 0.52 0.90 0.55 0.00 0.00 0.44 0.27 0.28 0.65 0.00 0.00 0.04 0.32 0.70 0.00 0.85 0.69 0.65 0.23 0.46 0.51 0.21 0.29 0.97 0.53 0.00 0.52 0.35 0.18 0.69 0.66 0.58 0.00 0.65 0.42 0.97 0.26 0.07 0.90 0.83 0.13 0.13 0.41 0.07 0.53 0.00 0.18 0.35 0.71 0.29 0.39 0.00 0.54 0.00 0.22 0.38 0.20 0.12 0.89 0.00 0.38 0.00 0.03 0.31 0.95 0.85 0.48 0.00 0.15 0.05 0.28 0.85 0.72 
0.31 0.00 0.11 0.51 0.00 0.00 0.02 0.51 0.00 0.50 0.00 0.18 0.18 0.38 0.25 0.00 0.90 0.47 0.70 0.99 0.85 0.50 0.29 0.00 0.15 0.75 0.00 0.94 0.00 0.85 0.21 0.82 0.14 0.75 0.32 0.44 0.00 0.92 0.92 0.00 0.65 0.46 0.99 0.27 0.83 0.16 0.00 0.39 0.00 0.06 0.11 0.69 0.78 0.56 0.05 0.25 0.00 0.00 0.23 0.56 0.57 0.98 0.31 0.82 0.38 0.59 0.96 0.09 0.30 0.12 0.38 0.73 0.04 0.00 0.00 0.59 0.00 0.83 0.00 0.88 0.20 0.91 0.66 0.22 0.00 0.86 0.36 0.00 0.73 0.25 0.41 0.00 0.35 0.00 0.00 0.00 0.18 0.39 0.16 0.95 
0.99 0.98 0.00 0.93 0.00 0.44 0.94 0.00 0.94 0.00 0.17 0.06 0.06 0.34 0.21 0.76 0.63 0.39 0.15 0.44 0.48 0.74 0.37 0.73 0.00 0.88 0.00 0.23 0.38 0.89 0.00 0.93 0.00 0.00 0.09 0.06 0.99 0.43 0.90 0.60 0.40 0.13 0.61 0.88 0.34 0.49 0.94 0.92 0.00 0.74 0.27 0.89 0.73 0.23 0.12 0.56 0.30 0.02 0.54 0.49 0.73 0.00 0.55 0.28 0.61 0.63 0.00 0.28 0.42 0.00 0.53 0.43 0.00 0.13 0.84 0.33 0.51 0.00 0.84 0.92 0.13 0.26 0.74 0.00 0.00 0.43 0.00 0.60 0.00 0.59 0.01 0.95 0.76 0.31 0.59 0.28 0.33 0.21 0.00 0.00 
0.20 0.47 0.21 0.40 0.44 0.00 0.18 0.28 0.35 0.51 0.92 0.14 0.15 0.92 0.00 0.44 0.70 0.07 0.00 0.14 0.92 0.20 0.25 0.07 0.44 0.00 0.24 0.38 0.42 0.45 0.79 0.92 0.11 0.36 0.94 0.98 0.16 0.44 0.00 0.35 0.98 0.73 0.57 0.35 0.53 0.65 0.93 0.89 0.35 0.37 0.84 0.64 0.00 0.05 0.40 0.54 0.86 0.65 0.52 0.68 0.27 0.39 0.66 0.12 0.00 0.37 0.15 0.00 0.19 0.00 0.56 0.71 0.69 0.00 0.43 0.75 0.93 0.39 0.02 0.34 0.59 0.79 0.36 0.31 0.00 0.43 0.72 0.62 0.53 0.00 0.49 0.21 0.58 0.18 0.00 0.62 0.32 0.74 0.27 0.95 
0.00 0.90 0.28 0.95 0.67 0.00 0.57 0.95 0.00 0.29 0.00 0.50 0.00 0.57 0.16 0.00 0.76 0.07 0.86 0.38 0.00 0.00 0.00 0.51 0.83 0.43 0.59 0.94 0.34 0.22 0.35 0.97 0.48 0.34 0.20 0.09 0.26 0.00 0.78 0.26 0.71 0.93 0.00 0.58 0.37 0.91 0.28 0.22 0.66 0.66 0.99 0.29 0.92 0.43 0.67 0.04 0.00 0.33 0.18 0.55 0.00 0.35 0.11 0.70 0.00 0.00 0.89 0.00 0.55 0.56 0.69 0.00 0.52 0.88 0.00 0.19 0.16 0.27 0.05 0.36 0.69 0.93 0.57 0.44 0.00 0.76 0.32 0.40 0.57 0.33 0.00 0.26 0.80 0.37 0.00 0.00 0.95 0.22 0.71 0.70 
0.11 0.35 0.18 0.98 0.53 0.39 0.76 0.49 0.94 0.41 0.38 0.93 0.52 0.15 0.00 0.10 0.00 0.00 0.83 0.99 0.19 0.59 0.78 0.00 0.21 0.43 0.19 0.82 0.64 0.00 0.03 0.00 0.22 0.88 0.34 0.37 0.64 0.40 0.96 0.49 0.22 0.66 0.37 0.16 0.22 0.83 0.80 0.93 0.04 0.60 0.88 0.75 0.11 0.21 0.60 0.55 0.00 0.63 0.79 0.84 0.00 0.67 0.97 0.00 0.00 0.46 0.26 0.44 0.80 0.39 0.02 0.44 0.78 0.00 0.45 0.00 0.51 0.91 0.25 0.53 0.82 0.47 0.17 0.49 0.72 0.68 0.73 0.35 0.00 0.08 0.78 0.64 0.58 0.00 0.21 0.00 0.00 0.47 0.54 0.00 
0.69 0.81 0.00 0.84 0.29 0.06 0.89 0.87 0.49 0.13 0.96 0.71 0.29 0.58 0.67 0.64 0.89 0.21 0.00 0.87 0.44 0.28 0.94 0.00 0.82 0.00 0.54 0.69 0.98 0.50 0.06 0.00 0.00 0.15 0.99 0.38 0.81 0.63 0.97 0.35 0.48 0.00 0.26 1.00 0.20 0.92 0.28 0.52 0.36 0.67 0.40 0.32 0.71 0.47 0.00 0.28 0.00 0.65 0.28 0.19 0.41 0.10 0.00 0.12 0.00 0.74 0.97 0.88 0.82 0.71 0.88 0.12 0.97 0.67 0.00 0.86 0.34 0.97 0.73 0.00 0.72 0.31 0.46 0.94 0.38 0.36 0.35 0.00 0.79 0.00 0.39 0.93 0.67 0.00 0.66 0.05 0.00 0.00 0.00 0.45 
0.23 0.00 0.19 0.03 0.14 0.00 0.04 0.90 0.60 0.70 0.46 0.32 0.89 0.49 0.49 0.00 0.15 0.98 0.61 0.58 0.31 0.00 0.17 0.77 0.97 0.14 0.65 0.43 0.00 0.51 0.31 0.00 0.21 0.41 0.83 0.05 0.27 0.85 0.69 0.87 0.00 0.00 0.87 0.20 0.37 0.19 0.00 0.44 0.68 0.00 0.00 0.76 0.04 0.70 0.51 0.44 0.82 0.20 0.00 0.74 0.54 0.19 0.98 0.99 0.27 0.75 0.13 0.07 0.00 0.66 0.71 0.65 0.51 0.15 0.60 0.99 0.33 0.12 0.62 0.00 0.81 0.00 0.67 0.49 0.15 0.40 0.96 0.96 0.29 0.53 0.65 0.68 0.59 0.86 0.58 0.73 0.66 0.04 0.10 0.00 
0.26 0.97 0.89 0.75 0.00 0.89 0.86 0.90 0.89 0.13 0.31 0.19 0.14 0.66 0.40 0.00 0.00 0.16 0.47 0.38 0.25 0.70 0.57 0.61 0.64 0.02 0.22 0.83 0.12 0.12 0.34 0.83 0.84 0.49 0.39 0.98 0.19 0.72 0.53 0.49 0.00 0.00 0.33 0.36 0.00 0.00 0.30 0.00 0.57 0.11 0.75 0.06 0.60 0.26 0.00 0.04 0.29 0.08 0.25 0.94 0.41 0.75 0.42 0.94 1.00 0.92 0.61 0.00 0.00 0.15 0.73 0.38 0.70 0.37 0.00 0.02 0.40 0.86 0.65 0.00 0.00 0.69 0.94 0.78 0.62 0.16 0.92 0.56 0.00 0.13 0.16 0.51 0.12 0.08 0.03 0.47 0.80 0.00 0.00 0.00 
0.34 0.00 0.49 0.68 0.58 0.76 0.86 0.33 0.82 0.93 0.28 0.32 0.69 0.00 0.50 0.00 0.89 0.08 0.62 0.53 0.00 0.03 0.00 0.11 0.41 0.06 0.00 0.64 0.34 0.62 0.40 0.00 0.14 0.41 0.70 0.00 0.10 0.78 0.62 0.68 0.37 0.40 0.42 0.87 0.82 0.23 0.82 0.00 0.29 0.83 0.00 0.58 0.00 0.58 0.37 0.92 0.92 0.00 0.79 0.00 0.36 0.50 0.02 0.00 0.00 0.00 0.08 0.07 0.94 0.46 0.76 0.02 0.79 0.47 0.08 0.12 0.65 0.79 0.00 0.80 0.35 0.35 0.94 0.21 0.57 0.93 0.23 0.75 0.70 0.35 0.84 0.04 0.97 0.31 0.00 0.08 0.98 0.39 0.87 0.62 
0.01 0.00 0.14 0.00 0.08 0.55 0.00 0.57 0.03 0.00 0.73 0.51 0.91 0.08 0.56 0.86 0.94 0.00 0.29 0.12 0.09 0.40 0.30 0.21 0.33 0.21 0.00 0.81 0.08 0.91 0.97 0.16 0.97 0.94 0.14 0.04 0.52 0.45 0.00 0.45 0.00 0.83 0.67 0.00 0.97 0.73 0.00 0.99 0.15 0.47 0.00 0.37 0.00 0.30 0.00 0.56 0.95 0.96 0.35 0.54 0.00 0.00 0.37 0.00 0.13 0.68 0.00 0.00 0.00 0.35 0.00 0.54 0.82 0.00 0.00 0.02 0.84 0.00 0.25 0.00 0.00 0.00 0.14 0.34 0.03 0.25 0.15 0.41 0.77 0.89 0.00 0.55 0.00 0.83 0.00 0.30 0.83 0.99 0.56 0.03 
0.02 0.54 0.64 0.55 0.51 0.06 0.46 0.00 0.43 0.05 0.72 0.08 0.46 0.29 0.12 0.70 0.29 0.64 0.57 0.96 0.15 0.00 0.75 0.81 0.98 0.41 0.64 0.81 0.09 0.61 0.39 0.82 0.71 0.77 0.24 0.00 0.00 0.02 0.53 0.28 0.93 0.00 0.62 0.53 0.09 0.00 0.70 0.45 0.41 0.31 0.28 0.52 0.31 0.53 0.01 0.00 0.60 0.00 0.81 0.56 0.95 0.00 0.88 0.94 0.86 0.81 0.42 0.89 0.72 0.82 0.00 0.42 0.21 0.46 0.16 0.46 0.41 0.49 0.52 0.08 0.00 0.68 0.80 0.36 0.51 0.20 0.55 0.32 0.28 0.52 0.43 0.39 0.13 0.08 0.62 0.83 0.33 0.00 0.83 0.25 
0.81 0.00 0.10 0.14 0.82 0.00 0.29 0.79 0.55 0.18 0.01 0.39 0.28 0.07 0.07 0.54 0.40 0.77 0.79 0.00 0.91 0.00 0.00 0.95 0.24 0.72 0.79 0.51 0.15 0.82 0.95 0.12 0.82 0.84 0.65 0.38 0.56 0.41 0.45 0.00 0.00 0.63 0.16 0.05 0.31 0.46 0.20 0.77 0.55 0.03 0.80 0.93 0.92 0.00 0.22 0.64 0.51 0.43 0.00 0.00 0.42 0.43 0.00 0.01 0.98 0.72 0.02 0.28 0.00 0.99 0.11 0.94 0.95 0.66 0.63 0.72 0.89 0.00 0.70 0.42 0.75 0.48 0.29 0.65 0.00 0.70 0.07 0.96 0.69 0.92 0.00 0.26 0.00 0.00 0.59 0.76 0.08 0.00 0.00 0.57 
0.28 0.35 0.98 0.14 0.43 0.48 0.65 0.00 0.00 0.23 0.88 0.47 0.15 0.00 0.61 0.85 0.00 0.09 0.07 0.82 0.92 0.88 0.77 0.78 0.72 0.43 0.00 0.00 0.80 0.73 0.00 0.84 0.00 0.68 0.21 0.00 0.91 0.93 0.43 0.00 0.35 0.00 0.29 0.14 0.87 0.40 0.00 0.46 0.18 0.00 0.86 0.65 0.10 0.25 0.23 0.46 0.42 0.43 0.02 0.79 0.64 0.61 0.00 0.00 0.69 0.35 0.66 0.39 0.38 0.00 0.68 0.66 0.00 0.66 0.60 0.00 0.00 0.74 0.00 0.61 0.45 0.76 0.95 0.08 0.00 0.00 0.82 0.31 0.26 0.57 0.40 0.89 0.40 0.60 0.08 0.62 0.39 0.74 0.07 0.00 
0.39 0.06 0.92 0.87 0.27 0.98 0.89 0.32 0.32 0.04 0.00 0.04 0.20 0.76 0.96 0.25 0.73 0.36 0.22 0.70 0.23 0.00 0.61 0.35 0.39 0.40 0.86 0.00 0.89 0.20 0.81 0.00 0.04 0.69 0.52 0.00 0.38 1.00 0.44 0.55 0.30 0.76 0.73 0.38 0.57 0.56 0.00 0.00 0.78 0.46 0.29 0.77 0.86 0.42 0.60 0.27 0.50 0.99 0.73 0.40 0.97 0.72 0.06 0.00 0.13 0.34 0.00 0.78 0.00 0.68 0.23 0.39 0.42 0.95 0.98 0.12 0.00 0.65 0.06 0.47 0.13 0.87 0.70 0.10 0.26 0.00 0.00 0.00 0.89 0.91 0.57 0.19 0.00 0.00 0.57 0.39 0.80 0.87 0.00 0.12 
0.31 0.86 0.08 0.82 0.72 0.88 0.15 0.00 0.64 0.22 0.95 0.58 0.72 0.13 0.50 0.88 0.48 0.11 0.00 0.37 0.00 0.00 0.66 0.36 0.76 1.00 0.00 0.51 0.43 0.37 0.87 0.00 0.33 0.91 0.00 0.79 0.00 0.75 0.03 0.00 0.88 0.00 0.04 0.37 0.67 0.16 0.74 0.26 0.79 0.86 0.66 0.00 0.84 0.15 0.27 0.59 0.04 0.44 0.54 0.62 0.15 0.00 0.35 0.23 0.64 0.00 0.53 0.43 0.10 0.28 0.10 0.82 0.23 0.90 0.65 0.73 0.70 0.37 0.89 0.52 0.79 0.20 0.02 0.12 0.84 0.28 0.45 0.78 0.02 0.28 0.25 0.89 0.10 0.65 0.30 0.00 0.40 0.00 0.98 0.00 
0.00 0.57 0.88 0.25 0.22 0.36 0.17 0.38 0.23 0.30 0.10 0.35 0.00 0.09 0.67 0.91 0.80 0.13 0.00 0.57 0.63 0.64 0.71 0.55 0.00 0.00 0.49 0.26 0.79 0.20 0.36 0.37 0.95 0.49 0.23 0.00 0.94 0.70 0.17 0.84 0.18 0.17 0.58 0.55 0.40 0.43 0.84 0.15 0.97 0.52 0.00 0.62 0.68 0.00 0.60 0.00 0.54 0.82 0.38 0.83 0.00 0.82 0.49 0.00 0.76 0.96 0.43 0.56 0.40 0.00 0.00 0.00 0.21 0.71 0.16 0.21 0.81 0.36 0.14 0.86 0.10 0.00 0.00 0.84 0.48 0.32 0.06 0.87 0.65 0.58 0.45 0.44 0.62 0.00 0.13 0.90 0.85 0.61 0.00 0.48 
0.39 0.89 0.00 0.75 0.77 0.16 0.73 0.59 0.00 0.00 0.16 0.00 0.81 0.91 0.14 0.37 0.10 0.05 0.00 0.90 0.00 0.28 0.00 0.59 0.02 0.76 0.97 0.87 0.13 0.66 0.64 0.00 0.00 0.07 0.13 0.00 0.00 0.77 0.00 0.51 0.65 0.99 0.69 0.17 0.20 0.34 0.00 0.01 0.73 0.00 0.89 0.10 0.37 0.02 0.27 0.19 0.47 0.24 0.63 0.00 0.26 0.53 0.37 0.77 0.53 0.80 0.68 0.00 0.30 0.00 0.69 0.19 0.83 0.77 0.74 0.99 0.08 0.16 0.94 0.81 0.00 0.31 0.25 0.74 0.98 0.12 0.00 0.11 0.74 0.63 0.84 0.55 0.00 0.25 0.50 0.13 0.60 0.85 0.87 0.24 
0.34 0.46 0.00 0.88 0.81 0.18 0.00 0.91 0.58 0.73 0.08 0.04 0.46 0.48 0.00 0.60 0.67 0.91 0.25 0.32 0.00 0.59 0.00 0.96 0.00 0.49 0.21 0.22 0.82 0.00 0.09 0.80 0.56 0.16 0.00 0.26 0.00 0.24 0.00 0.00 0.73 0.34 0.96 0.00 0.38 0.03 0.95 0.00 0.45 0.16 0.25 0.00 0.00 0.05 0.82 0.97 0.82 0.10 0.34 0.85 0.31 0.70 0.97 0.00 0.36 0.90 0.42 0.56 0.36 0.66 0.81 0.00 0.24 0.00 0.51 0.24 0.08 0.86 0.81 0.21 0.87 0.69 0.25 0.00 0.00 0.40 0.44 0.00 0.84 0.56 0.24 0.50 0.00 0.00 0.00 0.52 0.63 0.98 0.59 0.40 
0.64 0.34 0.27 0.00 0.00 0.94 0.33 0.03 0.21 0.21 0.16 0.26 0.51 0.34 0.56 0.14 0.02 0.84 0.38 0.38 0.53 0.06 0.00 0.00 0.90 0.82 0.00 0.50 0.73 0.41 0.76 0.35 0.75 0.99 0.47 0.97 0.98 0.28 0.14 0.47 0.28 0.00 0.24 0.87 0.65 0.00 0.52 0.00 0.28 0.19 0.95 0.39 0.20 0.73 0.09 0.28 0.00 0.03 0.03 0.85 0.94 0.13 0.34 0.33 0.29 0.15 0.00 0.00 0.57 0.67 0.57 0.24 0.00 0.39 0.37 0.60 0.55 0.54 0.16 0.12 0.36 0.22 0.03 0.68 0.61 0.36 0.77 0.08 0.69 0.63 0.51 0.61 0.54 0.47 0.50 0.25 0.57 0.88 0.00 0.03 
0.49 0.00 0.41 0.00 0.00 0.57 0.95 0.01 0.00 0.80 0.49 0.00 0.37 0.00 0.00 0.58 0.33 0.00 0.08 0.49 0.00 0.00 0.91 0.00 0.48 0.49 0.31 0.64 0.31 0.00 0.39 0.00 0.40 0.00 0.82 0.29 0.69 0.53 0.97 0.71 0.94 0.63 0.38 0.32 0.04 0.63 0.58 0.79 0.98 0.00 0.62 0.40 0.60 0.02 0.93 0.66 0.42 0.03 0.93 0.51 0.51 0.87 0.03 0.00 0.00 0.32 0.57 0.16 0.81 0.00 0.93 0.00 0.00 0.15 0.61 0.69 0.19 0.00 0.64 0.12 0.15 0.69 0.00 0.67 0.25 0.00 0.65 0.03 0.00 0.93 0.40 0.00 0.97 0.45 0.07 0.83 0.26 0.00 0.61 0.62 
0.00 0.55 0.36 0.76 0.35 0.96 0.36 0.43 0.00 0.29 0.60 0.51 0.89 0.25 0.00 0.00 0.69 0.46 0.39 0.22 0.58 0.69 0.99 0.00 0.83 0.00 0.00 0.00 0.43 0.00 0.96 0.15 0.53 0.00 0.18 0.00 0.52 0.71 0.82 0.10 0.87 0.78 0.58 0.72 0.85 0.00 0.76 0.32 0.10 0.93 0.00 0.06 0.46 0.00 0.82 0.00 0.90 0.26 0.16 0.49 0.00 0.47 0.00 0.00 0.40 0.75 0.00 0.06 0.34 0.00 0.49 0.07 0.00 0.21 0.00 0.78 0.17 0.95 0.00 0.80 0.26 0.87 0.17 0.72 0.00 0.85 0.42 0.72 0.05 0.29 0.93 0.83 0.91 0.57 0.00 0.50 0.15 0.00 0.07 0.64 
0.00 0.68 0.99 0.33 0.35 0.24 0.00 0.21 0.31 0.14 0.93 0.72 0.70 0.00 0.00 0.18 0.54 0.81 0.57 0.00 0.32 0.17 0.46 0.19 0.00 0.90 0.54 0.36 0.35 0.30 0.80 0.39 0.92 0.26 0.50 0.76 0.00 0.10 0.00 0.00 0.00 0.89 0.00 0.46 0.57 0.00 0.20 0.27 0.32 0.33 0.10 0.45 0.00 0.12 0.48 0.60 0.00 0.95 0.63 0.00 0.43 0.30 0.10 0.05 0.71 0.96 0.00 0.44 0.32 0.19 0.30 0.75 0.43 0.00 0.94 0.00 0.13 0.00 0.69 0.00 0.36 0.18 0.37 0.62 0.52 0.84 0.02 0.53 0.56 0.02 0.43 0.98 0.39 0.93 0.80 0.32 0.87 0.94 0.00 0.10 
0.00 0.62 0.47 0.73 0.27 0.95 0.10 0.20 0.00 0.96 0.00 0.00 0.72 0.00 0.00 0.00 0.74 0.00 0.00 0.89 0.08 0.62 0.98 0.82 0.45 0.00 0.20 0.64 0.47 0.84 0.94 0.87 0.33 0.00 0.41 0.00 0.34 0.00 0.00 0.97 0.51 0.95 0.00 0.45 0.25 0.00 0.70 0.90 0.65 0.18 0.92 0.82 0.77 0.00 0.00 0.88 0.24 0.17 0.00 0.84 0.95 0.86 0.45 0.59 0.41 0.00 0.12 0.47 0.39 0.72 0.00 0.67 0.67 0.00 0.00 0.88 0.12 0.18 0.00 0.00 0.05 0.00 0.66 0.19 0.04 0.43 0.17 0.52 0.04 0.88 0.00 0.00 0.64 0.00 0.87 0.94 0.00 0.79 0.70 0.04 
0.64 0.57 0.42 0.54 0.41 0.17 0.78 0.70 0.25 0.81 0.40 0.00 0.00 0.46 0.19 0.82 0.78 0.69 0.00 0.10 0.00 0.98 0.50 0.04 0.28 0.00 0.62 0.32 0.97 0.72 0.55 0.27 0.26 0.33 0.55 0.03 0.18 0.00 0.34 0.00 0.74 0.04 0.05 0.00 0.16 0.00 0.86 0.97 0.47 0.38 0.00 0.42 0.13 0.00 0.01 0.07 0.97 0.91 0.99 0.00 0.82 0.50 0.10 0.71 0.00 0.00 0.58 0.00 0.75 0.91 0.17 0.56 0.69 0.02 0.66 0.54 0.76 0.00 0.00 0.32 0.55 0.23 0.62 0.00 0.00 0.38 0.77 0.00 0.26 0.89 0.31 0.50 0.62 0.14 0.32 0.82 0.22 0.41 0.04 0.78 
0.00 0.35 0.03 0.87 0.96 0.53 0.62 0.30 0.41 0.00 0.59 0.16 0.00 0.36 0.91 0.52 0.59 0.21 0.99 0.13 0.10 0.78 0.24 0.42 0.25 0.00 0.00 0.19 0.15 0.62 0.53 0.94 0.37 0.53 0.15 0.00 0.96 0.46 0.40 0.00 0.78 0.00 0.61 0.95 0.54 0.87 0.58 0.00 0.65 0.75 0.32 0.99 0.00 0.93 0.56 0.74 0.12 0.54 0.34 0.00 0.03 0.00 0.00 0.71 0.55 0.50 0.32 0.28 0.00 0.57 0.62 0.68 0.00 0.70 0.00 0.83 0.00 0.00 0.04 0.50 0.00 0.17 0.00 0.33 0.05 0.00 0.30 0.35 0.13 0.00 0.02 0.00 0.00 0.79 0.89 0.53 0.68 0.09 0.00 0.00 
0.30 0.22 0.77 0.16 0.09 0.26 0.57 0.45 0.88 0.81 0.00 0.00 0.02 0.17 0.84 0.97 0.82 0.36 0.54 0.69 0.69 0.00 0.30 0.48 0.86 0.98 0.00 0.00 0.60 0.36 0.32 0.41 0.90 0.45 0.16 0.65 0.46 0.33 0.30 0.01 0.90 0.54 0.00 0.24 0.67 0.04 0.00 0.19 0.93 0.18 0.31 0.14 0.57 0.73 0.00 0.19 0.00 0.11 0.83 0.97 0.89 0.14 0.06 0.26 0.00 0.64 0.08 0.00 0.63 0.89 0.03 0.45 0.14 0.00 0.68 0.03 0.00 0.77 0.50 0.00 0.00 0.37 0.49 0.67 0.40 0.68 0.80 0.54 0.43 0.00 0.40 0.00 0.50 0.39 0.27 0.00 0.23 0.71 0.42 0.82 
0.18 0.00 0.00 0.00 0.00 0.00 0.72 0.74 0.82 0.26 0.26 0.53 0.40 0.00 0.16 0.21 0.35 0.47 0.00 0.60 0.36 0.91 0.19 0.00 0.59 0.17 0.00 0.41 0.21 0.00 0.21 0.57 0.90 0.10 0.86 0.67 0.96 0.81 0.59 0.79 0.24 0.94 0.86 0.93 0.00 0.00 0.42 0.24 0.69 0.95 0.50 0.00 0.04 0.93 0.00 0.67 0.71 0.05 0.28 0.90 0.01 0.38 0.39 0.73 0.54 0.00 0.00 0.99 0.13 0.48 0.88 0.84 0.33 0.00 0.71 0.60 0.83 0.11 0.47 0.54 0.77 0.00 0.06 0.00 0.48 0.36 0.00 0.00 0.27 0.16 0.70 0.53 0.14 0.62 0.16 0.99 0.88 0.42 0.31 0.27 
0.12 0.00 0.00 0.10 0.40 0.00 0.72 0.83 0.28 0.00 0.99 0.00 0.47 0.33 0.34 0.40 0.48 0.54 0.00 0.97 0.79 0.00 0.31 0.29 0.82 0.00 0.98 0.00 0.39 0.43 0.95 0.00 0.94 0.90 0.60 0.71 0.00 0.67 0.33 0.46 0.39 0.56 0.00 0.00 0.23 0.12 0.79 0.78 0.81 0.33 0.96 0.95 0.65 0.92 0.92 0.24 0.00 0.96 0.78 0.00 0.85 0.05 0.85 0.27 0.62 0.19 0.57 0.00 0.31 0.55 0.00 0.37 0.55 0.42 0.92 0.00 0.49 0.25 0.30 0.68 0.57 0.80 0.28 0.89 0.52 0.00 0.06 0.38 0.00 0.75 0.00 0.59 0.00 0.07 0.48 0.37 0.05 0.00 0.06 0.07 
0.63 0.02 0.56 0.42 0.09 0.28 0.25 0.00 0.26 0.55 0.00 0.00 0.17 0.64 0.00 0.49 0.91 0.00 0.00 0.08 0.74 0.00 0.74 0.00 0.52 0.84 0.32 0.56 0.73 0.13 0.85 0.05 0.63 0.21 0.36 0.61 0.60 0.55 0.58 0.59 0.30 0.68 0.00 0.07 0.80 0.00 0.00 0.67 0.00 0.61 0.19 0.89 0.76 0.85 0.21 0.00 0.00 0.42 1.00 0.94 0.30 0.57 0.00 0.05 0.01 0.22 0.00 0.15 0.00 0.40 0.84 0.29 0.17 0.07 0.02 0.35 0.56 0.67 0.88 1.00 0.91 1.00 0.41 0.74 0.24 0.54 0.50 0.04 0.00 0.85 0.59 0.82 0.00 0.00 0.55 0.57 0.00 0.66 0.63 0.73 
0.73 0.46 0.32 0.47 0.45 0.00 0.67 0.65 0.20 0.94 0.81 0.00 0.19 0.29 0.73 0.00 0.00 0.57 0.98 0.88 0.70 0.04 0.67 0.15 0.04 0.46 0.89 0.00 0.91 0.13 0.96 0.00 0.05 0.18 0.59 0.30 0.03 0.02 0.00 0.95 0.36 0.00 0.90 0.93 0.82 0.00 0.59 0.21 0.73 0.43 0.00 0.08 0.76 0.32 0.63 0.20 0.96 0.10 0.00 0.00 0.60 0.33 0.97 0.16 0.42 0.98 0.65 0.22 0.58 0.74 0.72 0.89 0.23 0.33 0.04 0.83 0.00 0.00 0.56 0.29 0.89 0.26 0.00 0.92 0.92 0.03 0.77 0.03 0.88 0.90 0.86 0.09 0.83 0.00 0.93 0.39 0.37 0.00 0.00 0.08 
0.00 0.47 0.09 0.00 0.52 0.54 0.47 0.18 0.72 0.87 0.99 0.15 0.99 0.00 0.98 0.37 0.69 0.09 0.00 0.57 0.08 0.06 0.35 0.66 0.64 0.00 0.23 0.00 0.32 0.09 0.00 0.97 0.35 0.21 0.85 0.00 0.03 0.00 0.00 0.96 0.92 0.00 0.00 0.89 0.07 0.00 0.00 0.55 0.00 0.79 0.65 0.16 0.00 0.80 0.06 0.80 0.00 0.74 0.74 0.45 0.72 0.00 0.19 0.57 0.19 0.22 0.51 0.04 0.90 0.31 0.75 0.87 0.36 0.68 0.01 0.76 0.00 0.16 0.72 0.64 0.00 0.41 0.07 0.20 0.23 0.49 0.40 0.20 0.32 0.00 0.80 0.66 0.00 0.00 0.00 0.04 0.45 0.59 0.00 0.39 
0.75 0.70 0.58 0.12 0.59 0.31 0.51 0.98 0.67 0.69 0.60 0.09 0.05 0.97 0.58 0.52 0.35 0.04 0.00 0.07 0.00 0.00 0.00 0.00 0.00 0.22 0.03 0.00 0.79 0.09 0.92 0.64 0.00 0.12 0.02 0.20 0.00 0.56 0.47 0.00 0.00 0.47 0.27 0.39 0.00 0.00 0.78 0.97 0.31 0.21 0.22 0.00 0.12 0.24 0.00 0.56 0.00 0.08 0.97 0.08 0.20 0.51 0.00 0.01 0.17 0.43 0.44 0.28 0.06 0.01 0.34 0.17 0.76 0.00 0.59 0.75 0.23 0.00 0.00 0.85 0.28 0.83 0.00 0.00 0.00 0.45 0.16 0.19 0.00 0.00 0.53 0.85 0.70 0.49 0.35 0.06 0.47 0.70 0.38 0.81 
0.24 0.62 0.00 0.57 0.71 0.61 0.17 0.93 0.00 0.71 0.70 0.33 0.36 0.50 0.81 0.00 0.00 0.51 0.43 0.29 0.00 0.09 0.48 0.41 0.10 0.77 0.51 0.88 0.59 0.73 0.72 0.00 0.54 0.58 0.35 0.53 0.45 0.77 0.45 0.00 0.55 0.25 0.00 0.02 0.95 0.49 0.00 0.00 0.23 0.35 0.00 0.07 0.20 0.79 0.79 0.54 0.67 0.68 0.00 0.63 0.09 0.90 0.34 0.96 0.00 0.77 0.92 0.15 0.90 0.68 0.49 0.71 0.36 0.75 0.91 0.45 0.39 0.99 0.65 0.00 0.76 0.00 0.38 0.43 0.96 0.86 0.21 0.00 0.01 0.67 0.00 0.66 0.85 0.84 0.03 0.68 0.00 0.82 0.19 0.14 
0.52 0.00 0.68 0.00 0.00 0.64 0.00 0.03 0.65 0.58 0.33 0.39 0.71 0.00 0.00 0.24 0.71 0.73 0.08 0.39 0.95 0.72 0.03 0.69 0.16 0.76 0.87 0.00 0.04 0.66 0.88 0.00 0.75 0.21 0.34 0.82 0.95 0.01 0.70 0.97 0.00 0.45 0.30 0.00 0.23 0.28 0.08 0.82 0.27 0.64 0.95 0.00 0.89 0.00 0.87 0.00 0.16 0.91 0.17 0.97 0.73 0.53 0.30 0.00 0.84 0.00 0.00 0.82 0.48 0.53 0.85 0.80 0.72 0.00 0.00 0.92 0.79 0.00 0.86 0.90 0.65 0.62 0.21 0.00 0.85 0.00 0.63 0.10 0.72 0.55 0.75 0.80 0.00 0.31 0.54 0.29 0.90 0.20 0.17 0.67 
0.39 0.89 0.00 0.87 0.68 0.00 0.24 0.01 0.55 0.74 0.00 0.85 0.59 0.70 0.48 0.90 0.41 0.22 0.22 0.79 0.85 0.16 0.25 0.00 0.36 0.00 0.11 0.00 0.53 0.47 0.56 0.82 0.32 0.31 0.55 0.91 0.12 0.00 0.23 0.80 0.32 0.24 0.70 0.00 0.00 0.49 0.92 0.84 0.56 0.96 0.36 0.10 0.44 0.64 0.92 0.69 0.25 0.81 0.59 0.00 0.00 0.18 0.03 0.27 0.00 0.28 0.35 0.13 0.75 0.51 0.28 0.68 0.10 0.55 0.08 0.90 0.18 0.26 0.81 0.81 0.95 0.21 0.98 0.88 0.00 0.00 0.89 0.40 0.82 0.00 0.74 0.68 0.66 0.00 0.05 0.00 0.93 0.00 0.16 0.50 
0.35 0.77 0.05 0.38 0.60 0.66 0.83 0.53 0.00 0.55 0.42 0.01 0.64 0.68 0.00 0.14 0.00 0.85 0.72 0.32 0.00 0.00 0.61 0.46 0.55 0.00 0.23 0.02 0.00 0.22 0.67 0.92 0.88 0.33 0.76 0.12 0.39 0.49 0.00 0.49 0.04 0.00 0.80 0.37 0.53 0.90 0.79 0.00 0.03 0.92 0.11 0.69 0.88 0.98 0.00 0.00 0.00 0.44 0.20 0.92 0.00 0.03 0.00 0.00 0.35 0.85 0.19 0.27 0.37 0.29 0.00 0.44 0.82 0.34 0.28 0.29 0.00 0.19 0.58 0.25 0.74 0.28 0.62 0.78 0.49 0.46 0.97 0.00 0.99 0.76 0.96 0.44 0.27 0.02 0.80 0.23 0.08 0.00 0.02 0.26 
0.24 0.19 0.45 0.88 0.38 0.39 0.00 0.77 0.04 0.04 0.27 0.00 0.58 0.00 0.53 0.00 0.52 0.73 0.00 0.83 0.75 0.00 0.66 0.00 0.22 0.00 0.00 0.75 0.00 0.50 0.00 0.36 0.34 0.00 0.07 0.26 0.00 0.69 0.99 0.00 0.43 0.14 0.17 0.16 0.81 0.55 0.40 0.47 0.89 0.86 0.17 0.95 0.00 0.72 0.00 0.00 0.63 0.20 0.27 0.45 0.08 0.38 0.79 0.63 0.00 0.24 0.00 0.00 0.01 0.99 0.29 0.70 0.32 0.00 0.00 0.07 0.59 0.09 0.18 0.36 0.00 0.00 0.07 0.72 0.82 0.32 0.00 0.86 0.00 0.00 0.00 0.62 0.00 0.38 0.44 0.43 0.95 0.31 0.94 0.00 
0.99 0.59 0.73 0.00 0.57 0.32 0.40 0.62 0.00 0.18 0.63 0.14 0.43 0.47 0.22 0.73 0.88 0.37 0.00 0.69 0.11 0.30 0.15 0.01 0.34 0.04 0.00 0.13 0.25 0.65 0.70 0.65 0.22 0.00 0.26 1.00 0.48 0.68 0.63 0.00 0.61 0.07 0.00 0.35 0.00 0.00 0.37 0.81 0.40 0.53 0.97 0.23 0.65 0.54 0.43 0.37 0.00 0.70 0.00 0.00 0.00 0.34 0.14 0.00 0.54 0.00 0.72 0.00 0.00 0.51 0.00 0.92 0.99 0.00 0.10 0.67 0.24 0.50 0.21 0.00 0.00 0.54 0.90 0.41 0.40 0.26 0.82 0.37 0.54 0.00 0.00 0.16 0.04 0.93 0.66 0.05 0.00 0.34 0.68 1.00 
0.99 0.47 0.00 0.86 0.82 0.62 0.21 0.55 0.25 0.00 0.59 0.15 0.00 0.84 0.67 0.81 0.73 0.52 0.36 0.59 0.00 0.43 0.00 0.95 0.18 0.00 0.10 0.25 0.00 0.61 0.00 0.00 0.23 0.61 0.00 0.39 0.02 0.00 0.71 0.63 0.21 0.06 0.22 0.43 0.74 0.26 0.00 0.71 0.00 0.84 0.59 0.68 0.28 0.44 0.77 0.00 0.89 0.63 0.98 0.00 0.12 0.00 0.85 0.84 0.64 0.31 0.00 0.40 0.17 0.20 0.27 0.39 0.63 0.20 0.00 0.38 0.41 0.99 0.87 0.16 0.07 0.96 0.00 0.37 0.75 0.08 0.00 0.84 0.79 0.05 0.06 0.00 0.02 0.00 0.94 0.86 0.76 0.27 0.80 0.43 
0.37 0.03 0.93 0.37 0.16 0.10 0.78 0.75 0.56 0.23 0.79 0.00 0.14 0.00 0.33 0.56 0.46 0.00 0.47 0.38 0.17 0.94 0.00 0.77 0.29 0.56 0.99 0.02 0.51 0.87 0.00 0.90 0.94 0.45 0.94 0.67 0.14 0.24 0.96 0.73 0.13 0.43 0.00 0.42 0.52 0.28 0.26 0.00 0.86 0.50 0.96 0.00 0.36 0.08 0.65 0.09 0.44 0.28 0.17 0.08 0.33 0.96 0.58 0.67 0.52 0.68 0.54 0.00 0.83 0.00 0.89 0.22 0.09 0.00 0.57 0.84 0.25 0.19 0.13 0.00 0.00 0.09 0.23 0.53 0.04 0.54 0.52 0.66 0.74 0.82 0.95 0.00 0.75 0.00 0.00 0.62 0.34 0.07 0.00 0.60 
0.52 0.47 0.92 0.99 0.09 0.00 0.85 0.75 0.84 0.00 0.07 0.54 0.67 0.63 0.57 0.71 0.03 0.25 0.51 0.00 0.96 0.68 0.88 0.21 0.07 0.91 0.25 0.00 0.04 0.22 0.00 0.92 0.26 0.51 0.42 0.49 0.18 0.65 0.03 0.00 0.00 0.00 0.11 0.05 0.00 0.30 0.90 0.42 0.60 0.23 0.54 0.00 0.00 0.68 0.28 0.00 0.14 0.82 0.19 0.38 0.00 0.02 0.08 0.46 0.14 0.60 0.01 0.00 0.48 0.07 0.35 0.74 0.16 0.11 0.58 0.70 0.50 0.60 0.62 0.94 0.08 0.81 0.21 0.91 0.85 0.68 0.71 0.14 0.38 0.71 0.00 0.94 0.51 0.42 0.19 0.93 0.84 0.71 0.63 0.11 
0.85 0.89 0.23 0.02 0.65 0.05 0.76 0.00 0.00 0.21 0.43 0.46 0.70 0.12 0.01 0.25 0.84 0.26 0.99 0.00 0.08 0.17 0.11 0.53 0.00 0.15 0.24 0.35 0.00 0.17 0.78 0.39 0.30 0.68 0.33 0.97 0.00 0.00 0.90 0.90 0.00 0.59 0.15 0.00 0.69 0.00 0.00 0.25 0.70 0.88 0.75 0.12 0.60 0.12 0.14 0.00 0.45 0.91 0.22 0.43 0.78 0.53 0.70 0.12 0.10 0.99 0.86 0.63 0.27 0.63 0.81 0.49 0.62 0.98 0.13 0.52 0.00 0.36 0.12 0.57 0.80 0.81 0.58 0.00 0.74 0.63 0.09 0.40 0.67 0.43 0.77 0.93 0.24 0.00 0.61 0.75 0.79 0.55 0.59 0.98 
0.00 0.46 0.00 0.79 0.42 0.45 0.00 0.00 0.91 0.74 0.61 0.69 0.30 0.20 0.34 0.93 0.00 0.00 0.56 0.85 0.03 0.50 0.69 0.00 0.82 0.66 0.35 0.24 0.00 0.00 0.10 0.37 0.01 0.19 0.67 0.00 0.42 0.86 0.30 0.73 0.70 0.96 0.18 0.85 0.00 0.48 0.31 0.32 0.00 0.11 0.00 0.00 0.00 0.48 0.84 0.68 0.52 0.51 0.01 0.29 0.22 0.77 0.24 0.05 0.00 0.00 0.36 0.87 0.12 0.91 0.30 0.50 0.31 0.70 0.62 0.40 0.51 0.00 0.58 0.00 0.67 0.40 0.80 0.55 0.51 0.08 0.40 0.84 0.53 0.76 0.30 0.00 0.00 0.01 0.86 0.79 0.26 0.43 0.25 0.00 
0.58 0.70 0.85 0.34 0.27 0.00 0.92 0.28 0.00 0.00 0.83 0.33 0.97 0.00 0.27 0.20 0.29 0.54 0.54 0.13 0.69 0.51 0.18 0.07 0.00 0.88 0.21 0.35 0.96 0.52 0.58 0.00 0.57 0.96 0.80 0.61 0.03 0.34 0.01 0.39 0.49 0.38 0.27 0.87 0.31 0.00 0.84 0.54 0.18 0.71 0.70 0.03 0.00 0.58 0.88 0.00 0.51 0.54 0.89 0.12 0.92 0.21 0.59 0.57 0.47 0.55 0.62 0.31 0.70 0.79 0.00 0.63 0.00 0.27 0.64 0.31 0.00 0.00 0.73 0.97 0.41 0.30 0.27 0.00 0.00 0.83 0.49 0.94 0.31 0.88 0.63 0.90 0.82 0.29 0.25 0.35 0.79 0.29 0.08 0.37 
0.00 0.92 0.86 0.41 0.91 0.59 0.34 0.39 0.36 0.00 0.37 0.00 0.52 0.83 0.36 0.41 0.00 0.00 0.67 0.18 0.49 0.59 0.13 0.13 0.78 0.32 0.00 0.89 0.76 0.10 0.00 0.20 0.24 0.00 0.19 0.45 0.41 0.00 0.87 0.99 0.36 0.07 0.38 0.75 0.94 0.88 0.00 0.64 0.29 0.52 0.00 0.62 0.00 0.17 0.73 0.83 0.04 0.59 0.13 0.53 0.00 0.64 0.00 0.81 0.61 0.19 0.71 0.71 0.62 0.77 0.92 0.00 0.27 0.00 0.00 0.94 0.61 0.47 0.36 0.92 0.89 0.41 0.10 0.97 0.34 0.00 0.58 0.99 0.41 0.00 0.81 0.10 0.00 0.49 0.28 0.00 0.16 0.78 0.79 0.20 
0.47 0.00 0.58 0.00 0.00 0.85 0.57 0.00 0.32 0.30 0.23 0.94 0.24 0.00 0.00 0.00 0.01 0.66 0.43 0.00 0.12 0.63 0.13 0.27 0.06 0.00 0.97 0.36 0.87 0.72 0.43 0.94 0.01 0.74 0.21 0.00 0.51 0.14 0.86 0.00 0.00 0.62 0.00 0.26 0.31 0.42 0.73 0.90 0.84 0.68 0.90 0.00 0.69 0.61 0.00 0.85 0.60 0.41 0.88 0.01 0.49 0.00 0.79 0.27 0.57 0.55 0.74 0.83 0.34 0.53 0.00 0.40 0.35 0.27 0.65 0.22 0.51 0.35 0.00 0.38 0.00 0.27 0.73 0.25 0.25 0.23 0.10 0.00 0.00 0.00 0.12 0.00 0.00 0.28 0.67 0.00 0.09 0.63 0.00 0.21 
0.05 0.61 0.15 0.70 0.84 0.60 0.00 0.40 0.19 0.39 0.53 0.00 0.41 0.00 0.21 0.17 0.34 0.89 0.70 0.18 0.63 0.53 0.70 0.57 0.12 0.91 0.55 0.38 0.93 0.61 0.89 0.14 0.03 0.99 0.00 0.53 0.38 0.00 0.93 0.16 0.75 0.68 0.46 0.94 0.32 0.82 0.80 0.02 0.22 0.63 0.00 0.60 0.89 0.43 0.98 0.70 0.39 0.11 0.07 0.15 0.18 0.00 0.07 0.00 0.45 0.11 0.00 0.64 0.79 0.23 0.08 1.00 0.73 0.71 0.87 0.72 0.55 0.58 0.00 0.69 0.77 0.75 0.57 0.55 0.34 0.16 0.86 0.18 0.42 0.06 0.67 0.13 0.01 0.00 0.76 0.48 0.89 0.43 0.44 0.40 
0.19 0.00 0.49 0.43 0.00 0.67 0.00 0.55 0.44 0.00 0.72 0.00 0.00 0.62 0.53 0.38 0.59 0.71 0.48 0.00 0.48 0.84 0.57 0.03 0.56 0.33 0.02 0.90 0.00 0.78 0.00 0.00 0.78 0.00 0.05 0.54 0.75 0.00 0.00 0.00 0.15 0.48 0.37 0.20 0.46 0.73 0.75 0.66 0.14 0.00 0.00 0.77 0.70 0.09 0.00 0.13 0.39 0.43 0.00 0.69 0.62 0.33 0.44 0.35 0.16 0.02 0.44 0.00 0.71 0.68 0.27 0.00 0.20 0.00 0.63 0.21 0.08 0.87 0.00 0.11 0.00 0.56 0.79 0.71 0.96 0.42 0.89 0.00 0.36 0.06 0.03 0.20 0.00 0.90 0.04 0.67 0.64 0.92 0.61 0.48 
0.13 0.00 0.71 0.01 0.36 0.88 0.00 0.40 0.00 0.35 0.00 0.75 0.46 0.37 0.13 0.38 0.70 0.07 0.00 0.00 0.17 0.07 0.44 0.92 0.04 0.89 0.00 0.00 0.82 0.21 0.67 0.40 0.84 0.78 0.90 0.65 0.33 0.00 0.26 0.47 0.57 0.31 0.40 0.90 0.00 0.00 0.36 0.30 0.00 0.24 0.18 0.20 0.09 0.52 0.86 0.00 0.61 0.22 0.32 0.83 0.97 0.21 0.16 0.97 0.87 0.35 0.93 0.74 0.00 0.63 0.49 0.52 0.14 0.00 0.00 0.61 0.29 0.87 0.00 0.78 0.40 0.00 0.58 0.06 0.96 0.99 0.00 0.35 0.90 0.60 0.58 0.32 0.52 0.31 0.58 0.47 0.00 0.86 0.10 0.70 
0.29 0.00 0.00 0.48 0.00 0.79 0.03 0.51 0.37 0.46 0.00 0.01 0.82 0.12 0.99 0.36 0.88 0.26 0.00 0.29 0.71 0.85 0.83 0.51 0.00 0.00 0.04 0.76 0.76 0.00 0.14 0.30 0.40 0.63 0.00 0.30 0.60 0.90 0.20 0.15 0.52 0.07 0.58 0.21 0.79 0.08 0.50 0.04 0.07 0.00 0.25 0.31 0.77 0.54 0.02 0.00 0.00 0.10 0.93 0.00 0.02 0.99 0.22 0.00 0.69 0.39 0.73 0.06 0.25 0.39 0.14 0.00 0.67 0.00 0.32 0.30 0.15 0.34 0.73 0.76 0.36 0.27 0.17 0.38 0.27 0.13 0.45 0.28 0.44 0.95 0.43 0.93 0.56 0.00 0.00 0.87 0.39 0.19 0.18 0.34 
0.06 0.07 0.13 0.49 0.00 0.80 0.53 0.49 0.62 0.31 0.08 0.52 0.49 0.04 0.11 0.37 0.11 0.65 0.00 0.59 0.57 0.62 0.19 0.00 0.46 0.52 0.23 0.00 0.00 0.15 0.09 0.00 0.05 0.00 0.89 0.34 0.75 0.72 0.93 0.49 0.00 0.66 0.75 0.96 0.11 0.11 0.55 0.67 0.00 0.98 0.69 0.32 0.17 0.91 0.00 0.80 0.00 0.09 0.55 0.75 0.13 0.49 0.66 0.96 0.00 0.73 0.17 0.00 0.83 0.93 0.97 0.35 0.65 0.52 0.43 0.77 0.81 0.00 0.04 0.00 0.00 0.27 0.53 0.34 0.00 0.64 0.80 0.93 0.06 0.76 0.00 0.53 0.86 0.43 0.09 0.01 0.70 0.90 0.19 0.40 
0.11 0.63 0.32 0.65 0.92 0.00 0.77 0.55 0.70 0.00 0.00 0.98 0.15 0.68 0.20 0.54 0.40 0.46 0.04 0.00 0.61 0.37 0.00 0.17 0.13 0.81 0.48 0.68 0.38 0.31 0.00 0.25 0.00 0.78 0.00 0.69 0.70 0.93 0.15 0.49 0.48 0.00 0.88 0.11 0.15 0.71 0.66 0.87 0.58 0.56 0.45 0.11 0.00 0.39 0.33 0.00 0.00 0.20 0.19 0.16 0.68 0.16 0.26 0.00 0.00 0.01 0.33 0.37 0.71 0.00 0.43 0.15 0.72 0.00 0.86 0.45 0.19 0.80 0.55 0.00 0.00 0.96 0.44 0.61 0.41 0.81 0.00 0.25 0.00 0.48 0.00 0.19 0.75 0.76 0.52 0.69 0.37 0.14 0.00 0.64 
0.81 0.91 0.00 0.00 0.67 0.86 0.74 0.16 0.22 0.00 0.01 0.32 0.41 0.00 0.39 0.30 0.95 0.00 0.69 0.00 0.61 0.00 0.77 0.72 0.15 0.00 0.00 0.99 0.00 0.77 0.34 0.00 0.06 0.71 0.00 0.59 0.26 0.00 0.31 0.06 0.10 0.03 0.17 0.23 0.00 0.67 0.35 0.00 0.00 0.63 0.80 0.00 0.61 0.46 0.00 0.28 0.12 0.81 0.21 0.57 0.92 0.00 0.00 0.49 0.24 0.74 0.03 0.99 0.00 0.00 0.50 0.69 0.00 0.05 0.44 0.85 0.00 0.00 0.41 1.00 0.73 0.38 0.69 0.89 0.00 0.86 0.00 0.00 0.37 0.27 0.07 0.66 0.00 0.00 0.58 0.92 0.09 0.77 0.87 0.52 
0.00 0.00 0.00 0.17 0.00 0.31 0.30 0.00 0.14 0.25 0.71 0.60 0.47 0.13 0.71 0.16 0.27 0.00 0.74 0.80 0.16 0.53 0.01 0.72 0.19 0.00 0.74 0.92 0.24 0.23 0.70 0.51 0.14 0.00 0.63 0.40 0.23 0.30 0.86 0.00 0.76 0.00 0.60 0.70 0.81 0.00 0.55 0.53 0.06 0.95 0.55 0.11 0.51 0.00 0.46 0.07 0.00 0.00 0.45 0.37 0.69 0.44 0.19 0.39 0.67 0.41 0.37 0.80 0.93 0.00 0.58 0.57 0.54 0.00 0.00 0.07 0.19 0.00 0.00 0.62 0.00 0.76 0.49 0.95 0.37 0.57 0.12 0.19 0.13 0.67 0.23 0.14 0.74 0.01 0.60 0.63 0.29 0.52 0.77 0.00 
0.07 0.11 0.24 0.16 0.33 0.00 0.48 0.38 0.90 0.30 0.00 0.42 0.00 0.63 0.00 0.72 0.26 0.06 0.12 0.05 0.21 1.00 0.34 0.55 0.75 0.34 0.81 0.00 0.63 0.00 1.00 0.00 0.21 0.74 0.03 0.75 0.65 0.35 0.00 0.31 0.92 0.23 0.92 0.00 0.67 0.68 0.96 0.38 0.86 0.78 0.32 0.21 0.81 0.72 0.00 0.00 0.08 0.64 0.68 0.43 0.00 0.73 0.96 0.08 0.77 0.39 0.88 0.00 0.00 0.38 0.00 0.36 0.00 0.24 0.92 0.62 0.67 0.21 0.39 0.02 0.49 0.45 0.55 0.69 0.77 0.46 0.96 0.38 0.54 0.14 0.00 0.32 0.64 0.85 0.00 0.97 0.60 0.32 0.14 0.00 
